1	8675 9231 4752     
2 	8675 9231 4752
3 	8675 9231 4752
4 	8650 9200 4600
5 	8650 9200 4600
6 	8650 9200 4600
7 	8625 9167 4444
8 	8700 9600 4800
9 	8675 9231 4752
10	8650 9200 4600
11	8675 9231 4752
12	8650 9200 4600
13	8650 9200 4600
14	8650 9200 4600
15	8625 9167 4444
16	8675 9231 4752
17	8650 9200 4600
18	8675 9231 4752
19	8675 9231 4752
20	8650 9200 4600
21	8600 9130 4286
22	8675 9583 4646
23	8650 9200 4600
24	8675 9231 4752
25	8650 9200 4600
26	8625 9167 4444
27	8675 9231 4752
28	8675 9231 4752
29	8650 9200 4600
30	8650 9200 4600